            Elem               M              a1              a2              a3              a4              a5              a6              a7
              H2   0.002015880d0    3.33727920d0 -4.94024731d-05  4.99456778d-07 -1.79566394d-10  2.00255376d-14  -9.50158922d02 -3.20502331d000


                                    2.34433112d0  7.98052075d-03 -1.94781510d-05  2.01572094d-08 -7.37611761d-12  -9.17935173d02  6.83010238d-01


              O2   0.031998800d0    3.28253784d0  1.48308754d-03 -7.57966669d-07  2.09470555d-10 -2.16717794d-14  -1.08845772d03  5.45323129d000


                                    3.78245636d0 -2.99673416d-03  9.84730201d-06 -9.68129509d-09  3.24372837d-12  -1.06394356d03  3.65767573d000


              N2   0.028013400d0    0.02926640d2  0.14879768d-02 -0.05684760d-05  0.10097038d-09 -0.06753351d-13  -0.09227977d04  0.05980528d002


                                    0.03298677d2  0.14082404d-02 -0.03963222d-04  0.05641515d-07 -0.02444854d-10  -0.10208999d04  0.03950372d002


             H2O   0.018015280d0    3.03399249d0  2.17691804d-03 -1.64072518d-07 -9.70419870d-11  1.68200992d-14  -3.00042971d04  4.96677010d000


                                    4.19864056d0 -2.03643410d-03  6.52040211d-06 -5.48797062d-09  1.77197817d-12  -3.02937267d04 -8.49032208d-01


              OH   0.017007340d0    3.09288767d0  5.48429716d-04  1.26505228d-07 -8.79461556d-11  1.17412376d-14   3.85865700d03  4.47669610d000


                                    3.99201543d0 -2.40131752d-03  4.61793841d-06 -3.88113333E-09  1.36411470d-12   3.61508056d03 -1.03925458d-01


               H   0.001007940d0    2.50000001d0 -2.30842973d-11  1.61561948d-14 -4.73515235d-18  4.98197357d-22   2.54736599d04 -4.46682914d-01


                                    2.50000000d0  7.05332819d-13 -1.99591964d-15  2.30081632d-18 -9.27732332d-22   2.54736599d04 -4.46682853d-01


               O   0.015999400d0    2.56942078d0 -8.59741137d-05  4.19484589d-08 -1.00177799d-11  1.22833691d-15   2.92175791d04  4.78433864d000 


                                    3.16826710d0 -3.27931884d-03  6.64306396d-06 -6.12806624d-09  2.11265971d-12   2.91222592d04  2.05193346d000

